51
121998376 943430501
689913499 770079066
586095107 933655238
704012672 608536365
982851657 940887637
934775085 320910984
315532821 833740973
5778293 8061369
941416062 502819867
476954030 772083443
487961500 855634259
142381888 875125759
91720693 916789627
884669299 111553411
29617141 139959305
717044732 800390956
23026869 284515068
259776721 305281350
980538918 141837348
971729257 676942556
368987655 595766119
674246587 608098056
828443525 908430278
921414409 422335578
68497144 452821918
832678389 127494448
180267433 62663261
606425971 597736084
280571495 752202248
328642724 386412640
570318800 467033089
449190281 517398554
326666560 502221971
111403095 493573784
465840486 78451864
80205329 454010373
195613116 501433622
98539311 131119278
965567753 707268027
480252016 294479021
112654325 526505522
966084168 812759859
129619689 878468492
962236661 36524152
39894625 929728999
468778732 290251324
958489947 899082382
732717304 975258716
137456376 263602703
551802723 146214314
228409323 537464050
